0
0
0
0
0
0
48.91
113.36
188.55
274.49
317.46
349.69
381.91
403.4
457.11
510.82
510.82
489.34
467.85
403.4
403.4
414.14
424.88
435.63
424.88
414.14
414.14
424.88
414.14
414.14
424.88
424.88
414.14
414.14
414.14
414.14
392.66
381.91
392.66
403.4
392.66
403.4
414.14
424.88
424.88
424.88
424.88
435.63
446.37
446.37
446.37
435.63
424.88
424.88
424.88
414.14
392.66
371.17
371.17
360.43
349.69
371.17
392.66
403.4
424.88
457.11
478.59
510.82
521.56
521.56
532.3
521.56
500.08
467.85
435.63
403.4
381.91
360.43
328.2
328.2
295.98
263.75
242.27
231.52
220.78
199.3
177.81
156.33
134.84
113.36
113.36
113.36
113.36
113.36
113.36
102.62
102.62
91.87
91.87
91.87
113.36
113.36
102.62
102.62
102.62
102.62
102.62
91.87
81.13
81.13
59.65
48.91
38.16
38.16
38.16
48.91
59.65
70.39
59.65
59.65
48.91
48.91
70.39
91.87
91.87
81.13
70.39
70.39
81.13
81.13
102.62
102.62
102.62
81.13
81.13
81.13
81.13
70.39
70.39
70.39
81.13
91.87
156.33
188.55
188.55
199.3
210.04
220.78
231.52
285.23
242.27
263.75
210.04
177.81
188.55
177.81
177.81
167.07
177.81
124.1
156.33
145.59
145.59
145.59
134.84
134.84
134.84
134.84
156.33
145.59
145.59
134.84
134.84
134.84
134.84
124.1
124.1
124.1
113.36
134.84
134.84
134.84
156.33
167.07
177.81
199.3
220.78
231.52
242.27
253.01
253.01
263.75
263.75
263.75
263.75
253.01
253.01
263.75
263.75
242.27
242.27
263.75
263.75
274.49
274.49
285.23
285.23
274.49
274.49
285.23
274.49
231.52
231.52
220.78
210.04
188.55
188.55
177.81
188.55
167.07
167.07
188.55
210.04
220.78
242.27
253.01
274.49
295.98
295.98
295.98
306.72
295.98
285.23
274.49
253.01
242.27
220.78
210.04
210.04
210.04
210.04
210.04
199.3
188.55
199.3
188.55
177.81
177.81
156.33
167.07
156.33
156.33
167.07
156.33
167.07
167.07
177.81
220.78
231.52
210.04
210.04
220.78
220.78
220.78
220.78
220.78
220.78
188.55
177.81
177.81
188.55
188.55
188.55
188.55
188.55
177.81
177.81
167.07
167.07
177.81
156.33
156.33
156.33
167.07
145.59
145.59
145.59
134.84
124.1
134.84
124.1
124.1
113.36
102.62
113.36
113.36
113.36
113.36
102.62
81.13
70.39
70.39
91.87
81.13
91.87
81.13
70.39
59.65
59.65
48.91
48.91
48.91
16.68
16.68
27.42
27.42
27.42
27.42
16.68
27.42
16.68
5.94
27.42
27.42
5.94
0
0
0
0
0
0
5.94
0
0
0